1.400000000000000000e+01
1.800000000000000000e+01
4.600000000000000000e+01
5.300000000000000000e+01
6.600000000000000000e+01
7.400000000000000000e+01
9.700000000000000000e+01
9.800000000000000000e+01
1.060000000000000000e+02
1.420000000000000000e+02
1.460000000000000000e+02
1.580000000000000000e+02
1.620000000000000000e+02
1.860000000000000000e+02
1.930000000000000000e+02
2.380000000000000000e+02
2.540000000000000000e+02
2.770000000000000000e+02
2.980000000000000000e+02
3.340000000000000000e+02
3.380000000000000000e+02
3.660000000000000000e+02
3.860000000000000000e+02
4.170000000000000000e+02
4.300000000000000000e+02
4.460000000000000000e+02
4.500000000000000000e+02
4.630000000000000000e+02
4.820000000000000000e+02
5.060000000000000000e+02
5.290000000000000000e+02
5.320000000000000000e+02
5.540000000000000000e+02
5.900000000000000000e+02
6.150000000000000000e+02
6.220000000000000000e+02
6.260000000000000000e+02
6.500000000000000000e+02
6.660000000000000000e+02
7.020000000000000000e+02
7.060000000000000000e+02
7.250000000000000000e+02
7.340000000000000000e+02
7.620000000000000000e+02
7.820000000000000000e+02
8.140000000000000000e+02
8.180000000000000000e+02
8.300000000000000000e+02
8.330000000000000000e+02
8.420000000000000000e+02
8.660000000000000000e+02
9.100000000000000000e+02
9.140000000000000000e+02
9.170000000000000000e+02
9.260000000000000000e+02
9.300000000000000000e+02
9.800000000000000000e+02
9.860000000000000000e+02
1.026000000000000000e+03
1.070000000000000000e+03
1.086000000000000000e+03
1.118000000000000000e+03
1.122000000000000000e+03
1.146000000000000000e+03
1.172000000000000000e+03
1.182000000000000000e+03
1.194000000000000000e+03
1.230000000000000000e+03
1.234000000000000000e+03
1.262000000000000000e+03
1.282000000000000000e+03
1.290000000000000000e+03
1.314000000000000000e+03
1.338000000000000000e+03
1.345000000000000000e+03
1.406000000000000000e+03
1.429000000000000000e+03
1.454000000000000000e+03
1.474000000000000000e+03
1.502000000000000000e+03
1.505000000000000000e+03
1.514000000000000000e+03
1.550000000000000000e+03
1.554000000000000000e+03
1.566000000000000000e+03
1.589000000000000000e+03
1.614000000000000000e+03
1.620000000000000000e+03
1.626000000000000000e+03
1.633000000000000000e+03
1.666000000000000000e+03
1.710000000000000000e+03
1.714000000000000000e+03
1.738000000000000000e+03
1.762000000000000000e+03
1.770000000000000000e+03
1.806000000000000000e+03
1.818000000000000000e+03
1.858000000000000000e+03
1.877000000000000000e+03
1.886000000000000000e+03
1.890000000000000000e+03
1.921000000000000000e+03
1.953000000000000000e+03
1.998000000000000000e+03
2.002000000000000000e+03
2.030000000000000000e+03
2.034000000000000000e+03
2.058000000000000000e+03
2.126000000000000000e+03
2.130000000000000000e+03
2.133000000000000000e+03
2.158000000000000000e+03
2.162000000000000000e+03
2.177000000000000000e+03
2.186000000000000000e+03
2.202000000000000000e+03
2.209000000000000000e+03
2.238000000000000000e+03
2.242000000000000000e+03
2.270000000000000000e+03
2.324000000000000000e+03
2.350000000000000000e+03
2.351000000000000000e+03
2.354000000000000000e+03
2.370000000000000000e+03
2.378000000000000000e+03
2.402000000000000000e+03
2.446000000000000000e+03
2.462000000000000000e+03
2.490000000000000000e+03
2.510000000000000000e+03
2.522000000000000000e+03
2.558000000000000000e+03
2.562000000000000000e+03
2.581000000000000000e+03
2.606000000000000000e+03
2.610000000000000000e+03
2.625000000000000000e+03
2.626000000000000000e+03
2.666000000000000000e+03
2.673000000000000000e+03
2.702000000000000000e+03
2.706000000000000000e+03
2.709000000000000000e+03
2.722000000000000000e+03
2.746000000000000000e+03
2.772000000000000000e+03
2.814000000000000000e+03
2.818000000000000000e+03
2.849000000000000000e+03
2.858000000000000000e+03
2.894000000000000000e+03
2.898000000000000000e+03
2.926000000000000000e+03
2.946000000000000000e+03
2.954000000000000000e+03
2.970000000000000000e+03
2.990000000000000000e+03
3.006000000000000000e+03
3.038000000000000000e+03
3.042000000000000000e+03
3.066000000000000000e+03
3.073000000000000000e+03
3.098000000000000000e+03
3.124000000000000000e+03
3.134000000000000000e+03
3.166000000000000000e+03
3.194000000000000000e+03
3.214000000000000000e+03
3.233000000000000000e+03
3.234000000000000000e+03
3.242000000000000000e+03
3.264000000000000000e+03
3.278000000000000000e+03
3.310000000000000000e+03
3.314000000000000000e+03
3.318000000000000000e+03
3.330000000000000000e+03
3.338000000000000000e+03
3.358000000000000000e+03
3.362000000000000000e+03
3.366000000000000000e+03
3.381000000000000000e+03
3.412000000000000000e+03
3.418000000000000000e+03
3.425000000000000000e+03
3.458000000000000000e+03
3.502000000000000000e+03
3.506000000000000000e+03
3.521000000000000000e+03
3.530000000000000000e+03
3.554000000000000000e+03
3.598000000000000000e+03
3.602000000000000000e+03
3.605000000000000000e+03
3.614000000000000000e+03
3.618000000000000000e+03
3.642000000000000000e+03
3.649000000000000000e+03
3.674000000000000000e+03
3.694000000000000000e+03
3.697000000000000000e+03
3.710000000000000000e+03
3.732000000000000000e+03
3.733000000000000000e+03
3.758000000000000000e+03
3.774000000000000000e+03
3.778000000000000000e+03
3.801000000000000000e+03
3.806000000000000000e+03
3.810000000000000000e+03
3.818000000000000000e+03
3.854000000000000000e+03
3.858000000000000000e+03
3.873000000000000000e+03
3.902000000000000000e+03
3.938000000000000000e+03
3.962000000000000000e+03
3.988000000000000000e+03
4.010000000000000000e+03
4.046000000000000000e+03
4.050000000000000000e+03
4.053000000000000000e+03
4.078000000000000000e+03
4.082000000000000000e+03
4.097000000000000000e+03
4.098000000000000000e+03
4.124000000000000000e+03
4.129000000000000000e+03
4.138000000000000000e+03
4.174000000000000000e+03
4.178000000000000000e+03
4.206000000000000000e+03
4.210000000000000000e+03
4.222000000000000000e+03
4.226000000000000000e+03
4.270000000000000000e+03
4.286000000000000000e+03
4.290000000000000000e+03
4.309000000000000000e+03
4.322000000000000000e+03
4.346000000000000000e+03
4.353000000000000000e+03
4.398000000000000000e+03
4.417000000000000000e+03
4.418000000000000000e+03
4.426000000000000000e+03
4.458000000000000000e+03
4.465000000000000000e+03
4.494000000000000000e+03
4.498000000000000000e+03
